lt_s=174.972667795
rot_s=0.111914570
mulct_s=0.351767512
mulpt_s=0.001065108
addct_s=0.000702634
